7.22432e-07 4.52075e-07 0.985053 9.99308e-09 0.0149456
6.65024e-06 0.000122535 0.000119103 5.74854e-05 0.999694
1.21633e-05 0.0156848 0.0084635 0.0340004 0.941839
6.39846e-08 0.712543 1.37531e-07 0.287456 9.37969e-07
1.69924e-07 1.53033e-08 4.07703e-05 0.424303 0.575656
0.000475762 0.000238174 0.000611916 0.325471 0.673204
0.465268 0.00214872 0.175844 0.35658 0.000158468
0.000214246 0.865883 0.13387 2.41786e-05 9.14107e-06
0.000240897 3.77145e-06 0.99971 4.33766e-05 1.64133e-06
2.14354e-07 0.000457356 0.139338 0.856196 0.00400899
2.85258e-06 0.586549 0.0394821 9.08602e-07 0.373965
1.86109e-05 3.36554e-06 0.0581856 0.109601 0.832191
0.952858 0.00214708 4.91581e-08 6.13968e-05 0.0449336
4.24762e-05 4.52312e-06 1.38357e-06 0.00122912 0.998722
4.75552e-05 0.150421 0.760065 0.0894593 7.11516e-06
3.5507e-05 0.481066 2.87546e-05 0.00157493 0.517294
2.8334e-07 0.000812283 0.000522061 0.534966 0.463699
0.375087 0.0216754 0.561497 0.000361608 0.0413789
0.000479258 6.66301e-07 0.0418207 0.00274535 0.954954
1.44398e-06 0.115495 9.47787e-06 0.884483 1.11408e-05
0.0304109 8.18574e-08 0.0103597 0.958218 0.00101115
0.682974 0.316893 0.000132266 4.18524e-07 9.66632e-08
0.000129403 6.87269e-06 8.7643e-05 0.999758 1.85671e-05
1.78729e-06 0.138962 7.11356e-07 0.0687218 0.792313
0.998256 4.00983e-06 0.00173867 2.32634e-07 1.25408e-06
0.0139887 3.30386e-07 0.000201812 0.985809 1.11127e-07
5.60598e-05 0.000322207 0.987245 0.000215893 0.0121611
0.9806 1.2631e-05 9.21778e-07 3.73583e-08 0.0193867
0.0433421 0.732297 0.000159364 0.0647835 0.159418
6.36458e-06 0.0125524 0.000471322 0.726073 0.260897
0.00660401 2.14743e-06 0.0861691 0.907217 7.45721e-06
4.28102e-09 0.0146529 2.94482e-05 0.985317 5.62693e-07
0.0678579 0.923114 7.54885e-05 0.00593499 0.00301729
0.494284 0.0298466 1.19158e-05 0.0325788 0.443279
0.000629195 0.380919 0.326516 5.44722e-05 0.291881
0.976149 2.37549e-05 5.14874e-06 0.0237316 9.02433e-05
0.468237 0.146516 2.56517e-07 0.385229 1.71056e-05
0.000158035 4.11782e-05 0.002446 0.00417069 0.993184
0.56885 0.420797 0.0103457 2.87995e-06 4.221e-06
0.000388067 0.000237492 0.0385981 0.96008 0.000696581
0.0017532 0.000559955 0.997633 1.91071e-05 3.4492e-05
0.00391337 0.000344188 0.000169937 0.995382 0.000190684
0.000384584 0.160098 0.369144 0.466489 0.00388415
6.18485e-05 0.0910824 0.487116 0.39813 0.023609
0.0157219 0.284282 0.00623635 0.693433 0.00032638
0.104326 0.406236 2.68548e-05 0.48928 0.000131113
0.203121 0.0700962 0.624186 0.102552 4.48503e-05
3.81105e-08 0.999999 1.17304e-08 2.30587e-07 6.17018e-07
0.0598767 1.65965e-05 2.65153e-06 0.00239774 0.937706
0.00722106 0.989764 5.01519e-05 6.89046e-07 0.00296393
0.228533 2.80146e-06 0.0353805 0.735988 9.48127e-05
7.03536e-08 1.53891e-07 0.999991 1.38523e-08 9.01758e-06
1.37276e-07 0.527996 0.000121239 0.00034012 0.471542
0.000178024 0.00980703 5.39854e-06 0.000325244 0.989684
0.00384121 0.0126445 0.129425 0.000335219 0.853754
0.108841 2.03933e-06 7.72401e-05 0.891077 2.84733e-06
0.000222483 8.82699e-09 1.87046e-05 0.999759 6.80188e-08
0.0258346 4.45858e-05 0.00055761 0.0209623 0.952601
0.00161385 0.430104 0.00254163 0.563559 0.00218115
0.00775937 0.000103854 0.0185911 0.00116089 0.972385
0.130165 0.526362 0.177721 0.0578429 0.107909
0.295784 0.44359 0.155564 0.00158203 0.10348
0.00244325 4.45952e-05 0.00825462 0.958802 0.0304554
0.000121291 0.999816 6.68664e-08 7.54619e-06 5.46013e-05
5.70233e-07 0.912765 0.0840186 0.00270861 0.000507157
0.999741 5.3953e-06 4.03904e-06 0.000248954 1.09935e-06
0.000806695 3.53055e-08 8.46233e-06 0.989351 0.00983352
0.00246757 0.985497 0.00286588 5.57708e-05 0.00911355
0.0957972 2.57232e-06 0.762053 0.111058 0.0310897
2.34861e-05 0.40383 0.00137469 8.85883e-05 0.594683
2.62841e-07 0.999973 1.66109e-07 3.59912e-06 2.26696e-05
0.629413 0.0150911 0.00035884 0.0360202 0.319117
0.934053 0.0234304 5.77619e-05 0.0409464 0.0015129
0.000110327 0.0330469 1.65559e-06 0.965556 0.00128502
2.25807e-05 3.59484e-06 0.200141 7.38772e-05 0.799759
5.09242e-08 2.46595e-06 0.93957 0.0204487 0.039979
0.000138353 0.999791 5.85981e-07 6.61104e-06 6.33083e-05
0.996334 0.00355358 2.3543e-06 1.73929e-06 0.000107931
0.05048 0.246427 2.43092e-05 0.658478 0.0445907
2.9695e-08 7.94376e-09 0.295829 8.36375e-07 0.70417
0.00015111 9.02158e-07 0.808925 0.178074 0.0128485
0.00169353 1.8758e-05 2.73798e-05 0.603392 0.394868
7.07041e-07 4.98081e-06 2.32737e-05 0.198604 0.801367
0.65173 0.346334 0.000687904 0.000517472 0.000730995
4.92765e-07 0.981314 1.05338e-05 3.32374e-06 0.0186721
0.00500368 0.943748 0.0017593 0.00261324 0.0468761
0.000216576 3.53638e-08 0.00217228 0.0198934 0.977718
0.0660565 1.78698e-07 9.46266e-08 7.08444e-06 0.933936
6.19626e-05 0.834447 0.00575706 0.125626 0.0341084
7.78565e-07 2.90677e-05 4.14495e-05 0.997396 0.00253286
0.91313 0.0866945 3.16196e-08 0.000166084 9.37723e-06
0.00275474 0.649435 0.120107 0.00747145 0.220231
0.028101 0.944116 7.80813e-05 0.000700087 0.0270048
0.0548119 0.000302566 0.00229196 0.0945432 0.84805
2.14935e-09 0.352927 0.647071 2.04529e-06 7.91847e-07
0.82034 2.94381e-08 0.0105397 0.169121 5.18749e-08
0.0160801 0.0105939 0.0119033 1.24442e-06 0.961421
0.000400355 0.998553 1.57561e-07 0.00103447 1.22376e-05
0.000595478 0.273025 0.72543 0.000949722 2.1061e-08
1.70098e-07 1.38787e-06 0.982721 5.83918e-08 0.0172776
