11 96 6 17 98 100 68 100 44 66 37 76 98 68 38 50 45 61 38 89 86 79 57 50 81 64 62 85 7 47
96 67 47 47 70 78 67 50 42 36 49 78 58 50 36 32 36 70 50 40 40 32 27 17 40 40 49 49 27 17
58 83 88 83 17 17 58 63 69 63 27 27 44 45 44 63 54 63 44 47 63 69 63 63 41 47 76 79 79 79
96 25 93 86 63 35 64 32 10 81 88 42 79 56 74 57 61 95 63 51 84 17 18 96 61 62 48 93 40 43
4 84 31 93 40 55 94 72 37 32 43 50 36 15 51 85 47 48 69 58 6 96 71 47 50 48 28 1 89 5
67 71 85 71 85 85 67 71 74 71 74 85 67 71 71 61 71 68 85 74 74 68 71 68 85 85 74 68 74 60
66 78 69 15 31 84 55 44 33 12 86 88 12 98 36 19 65 78 19 69 49 65 12 76 48 52 98 75 77 7
62 13 28 95 68 59 47 38 25 46 58 52 63 76 7 69 2 39 28 14 20 46 45 4 74 15 82 5 55 45
41 41 53 66 81 94 41 41 47 66 81 94 57 47 54 81 81 94 42 42 47 62 62 68 42 42 54 62 62 68
26 29 36 60 63 63 29 34 36 60 61 61 34 34 35 54 60 54 47 47 63 54 42 34 47 47 63 54 42 34
61 61 33 32 27 24 48 48 46 46 33 33 47 47 46 46 36 33 48 48 48 65 57 68 46 47 47 57 57 68
45 51 75 27 37 81 84 94 73 61 6 60 50 59 66 88 2 46 96 85 44 64 25 7 33 41 97 49 89 70
26 56 38 38 45 45 43 45 43 45 45 59 35 43 38 38 38 42 35 42 35 35 33 42 26 35 26 35 35 42
79 72 71 58 48 46 79 71 48 58 48 48 72 71 51 58 48 48 71 51 51 77 58 77 41 46 48 58 58 77
33 37 37 62 63 63 37 38 38 59 62 63 33 38 38 53 59 62 37 38 38 49 57 57 37 49 37 37 53 53
52 52 78 68 68 68 52 52 34 48 48 68 67 67 34 48 50 83 67 75 75 65 60 60 67 75 76 75 65 60
78 14 64 83 36 60 31 55 83 36 85 48 49 78 61 49 67 24 20 10 26 5 47 37 25 25 31 46 56 12
98 89 63 62 77 84 94 64 63 62 74 84 61 63 42 49 49 77 58 58 49 49 49 77 58 58 49 49 49 77
83 17 76 77 63 6 81 72 57 86 17 80 64 88 46 1 40 18 7 83 95 59 74 91 36 85 85 95 29 31
74 74 74 59 58 58 74 55 57 59 59 59 74 51 57 59 59 72 45 27 25 31 60 72 45 19 25 25 60 65
89 89 77 87 75 87 77 45 30 30 40 56 45 30 20 21 40 79 34 26 20 25 47 79 34 34 34 47 79 93
61 61 61 53 48 84 62 62 62 66 70 82 76 66 66 67 70 82 76 69 67 67 67 68 76 76 69 67 45 45
39 39 39 39 55 55 52 39 39 39 44 44 52 52 39 44 52 44 52 52 52 55 64 64 32 38 32 44 52 44
97 8 72 10 57 80 5 48 51 63 43 71 82 67 26 74 18 93 69 46 88 3 79 96 68 48 4 17 72 57
34 62 62 62 48 91 69 62 48 48 48 91 70 37 37 48 48 48 70 60 37 36 58 70 70 60 58 39 70 70
61 61 47 47 51 47 61 57 47 45 47 47 62 61 47 42 42 35 69 62 51 47 47 42 69 64 57 47 47 42
72 72 80 80 71 71 75 75 79 68 65 71 72 72 68 68 49 65 61 75 61 49 31 66 49 61 61 66 13 66
54 59 67 67 67 52 54 59 67 67 65 63 64 64 67 65 65 65 74 70 70 65 63 63 74 70 64 58 58 58
59 96 93 18 48 100 52 17 16 42 96 50 60 89 89 30 0 35 61 38 34 76 97 90 98 6 59 63 5 17
86 44 63 79 82 82 70 35 35 44 78 79 70 42 42 60 67 67 42 38 42 39 60 63 42 42 59 60 67 67
74 70 66 74 80 66 74 39 39 66 66 38 66 54 46 54 66 46 66 54 54 66 66 66 66 66 54 54 54 46
47 58 47 40 40 39 58 58 58 42 42 42 54 54 47 40 40 39 54 54 54 46 46 46 40 40 36 31 40 30
52 87 14 44 23 46 41 99 27 45 9 32 91 22 64 19 22 92 99 31 57 82 26 2 85 21 33 95 61 1
40 0 100 40 8 72 51 91 8 60 27 41 12 44 42 21 43 95 77 1 46 41 21 16 38 94 17 17 40 56
75 77 75 65 63 57 69 69 69 65 65 63 65 69 69 65 65 63 65 65 65 65 65 63 65 65 65 65 70 63
85 73 73 73 26 23 62 62 64 64 26 23 48 48 62 54 37 20 47 47 54 54 73 73 48 48 58 73 73 73
82 82 73 73 73 42 82 73 73 71 71 52 68 68 57 52 57 42 57 55 55 52 57 52 57 55 55 51 52 36
95 28 62 81 43 43 1 37 23 20 13 50 24 40 19 92 30 29 17 49 63 15 99 67 1 18 94 21 27 89
58 55 8 35 95 85 80 13 70 28 21 58 22 77 52 77 98 2 81 61 31 22 91 18 66 80 0 66 49 60
75 78 1 74 88 60 60 57 99 25 23 91 97 90 44 32 69 77 6 5 75 25 70 35 59 25 16 88 17 29
64 55 5 42 96 61 48 88 81 3 52 7 99 95 57 80 22 93 44 87 21 37 66 49 67 84 45 80 62 45
48 50 50 50 67 52 52 52 52 60 66 60 50 52 52 60 66 60 52 52 52 60 60 60 52 60 52 60 60 60
10 75 70 100 89 21 83 15 39 73 82 69 2 21 82 48 62 78 16 62 33 49 25 77 32 74 92 54 76 7
64 56 45 40 49 50 64 56 45 34 40 50 76 71 46 34 40 75 76 71 71 71 75 75 76 76 83 83 83 75
57 48 62 84 70 73 56 26 88 60 4 2 74 5 9 67 49 20 46 82 30 24 59 43 84 81 24 99 82 83
30 45 18 30 99 73 44 72 34 76 1 19 84 59 71 64 71 33 82 20 66 71 20 85 16 65 10 77 25 4
67 64 51 38 12 58 61 78 53 67 55 9 27 52 45 20 20 37 5 86 63 73 9 98 21 29 19 72 5 19
1 8 10 95 83 59 96 61 100 5 62 11 34 12 1 29 86 8 64 58 31 63 96 78 3 32 25 22 82 64
98 48 42 30 33 25 55 100 75 13 98 86 0 4 14 4 16 45 54 62 30 51 35 91 85 100 91 32 98 99
32 60 92 50 47 4 83 56 78 43 23 44 48 91 68 46 44 49 17 12 6 73 36 96 24 70 26 31 4 44
75 55 41 68 93 84 2 41 5 83 77 43 6 13 42 45 51 50 56 88 21 16 70 61 20 93 30 33 53 47
31 62 92 13 1 89 74 88 18 57 69 69 30 66 21 100 51 92 6 20 26 70 30 84 7 11 81 29 100 28
81 81 59 59 59 48 72 67 52 59 59 54 52 52 51 54 59 54 52 52 51 54 62 62 48 48 42 42 62 62
68 64 64 64 52 51 68 47 52 52 51 51 47 39 39 34 51 63 66 43 50 34 49 49 66 57 57 50 50 49
63 63 60 48 60 41 63 63 63 60 60 41 63 60 60 48 48 41 63 60 63 48 42 34 63 60 60 34 34 33
27 29 27 29 29 29 34 31 31 41 41 41 37 34 34 46 46 41 37 34 34 47 47 47 52 52 47 58 58 47
42 67 65 67 67 67 42 54 54 65 56 65 51 54 54 56 51 56 54 54 65 65 51 65 51 51 51 51 51 51
15 45 45 52 56 67 38 39 39 47 54 56 39 45 45 47 54 56 45 46 50 50 54 56 39 46 46 46 50 54
29 35 36 35 30 56 69 44 70 75 75 94 38 64 82 19 86 89 46 66 81 67 0 27 86 26 46 9 24 50
42 36 29 36 66 66 29 29 29 30 62 66 32 29 28 28 48 66 62 62 62 30 30 48 70 70 70 70 48 48
59 34 31 31 34 34 59 34 31 34 51 51 32 22 22 32 34 34 32 32 52 52 52 60 32 32 54 32 32 32
68 68 63 63 58 69 35 47 52 52 52 63 25 25 47 47 52 69 25 25 44 44 35 35 26 26 59 59 34 34
49 68 68 74 74 68 53 53 68 74 74 68 53 53 68 70 72 63 70 68 70 70 68 63 70 70 70 70 72 59
35 37 37 47 47 47 53 47 47 48 48 47 53 48 47 51 51 47 58 53 48 58 51 48 61 61 58 61 61 48
26 76 10 84 78 99 22 69 33 65 100 78 92 83 36 99 69 86 30 33 10 78 52 1 60 77 54 96 67 30
57 50 73 24 95 100 24 100 41 20 1 34 85 6 27 94 19 94 76 31 43 86 91 63 61 28 8 75 72 40
78 67 59 37 37 42 78 67 59 57 42 57 80 78 61 57 54 57 80 72 62 62 61 62 89 89 89 62 54 54
54 54 52 17 27 29 52 52 41 17 27 29 51 51 51 44 44 45 44 42 42 63 50 50 51 42 51 70 70 71
35 38 48 63 62 63 35 38 48 59 62 63 38 40 43 43 34 34 40 40 40 38 38 73 40 40 38 38 38 74
51 51 54 51 51 65 52 51 54 56 51 65 52 52 54 51 47 56 52 51 52 51 47 56 54 54 54 47 43 47
77 56 53 53 66 88 56 53 39 39 46 66 56 37 35 35 46 81 56 37 37 45 46 62 67 45 45 57 57 71
69 80 76 76 76 76 69 69 69 70 69 70 66 66 66 70 70 70 69 64 69 76 76 76 64 64 64 79 80 80
47 47 55 55 64 70 47 28 50 55 64 70 47 47 50 55 55 68 25 25 28 50 50 68 25 28 28 50 50 55
66 75 24 40 30 27 59 15 44 63 43 37 35 43 69 40 89 23 98 64 25 24 65 91 71 77 7 87 58 57
100 33 40 93 26 35 97 56 2 76 59 72 89 69 37 16 16 82 97 91 15 44 87 33 93 0 34 68 3 49
45 38 35 51 10 54 96 8 37 64 68 34 86 68 9 19 67 50 64 57 58 50 37 32 60 86 37 36 90 19
57 52 34 52 53 24 57 52 34 52 53 26 52 52 34 52 53 32 57 57 34 34 34 32 57 57 43 32 32 26
41 50 41 41 46 46 41 50 48 41 41 46 41 54 50 41 46 54 50 54 54 46 46 54 48 66 54 38 33 54
51 51 51 51 49 49 37 51 37 46 46 49 31 31 35 36 36 37 26 18 35 37 55 57 31 17 55 55 57 57
55 54 50 50 47 47 62 59 55 55 55 55 62 59 54 55 51 47 62 59 55 55 51 51 62 62 55 55 55 51
80 26 60 34 52 47 2 59 17 32 17 5 2 20 25 86 88 6 5 84 36 58 7 17 1 14 48 38 40 35
51 53 53 53 55 55 51 53 53 53 51 55 48 53 51 51 51 51 51 53 51 51 51 51 35 51 35 34 35 26
69 69 69 76 74 76 44 43 43 74 64 64 46 43 25 25 44 59 46 44 43 33 44 50 46 46 44 44 50 59
78 61 24 57 40 46 92 100 89 84 48 84 9 64 93 94 98 29 77 24 3 26 85 37 70 81 18 65 52 31
22 64 2 53 91 97 48 26 33 51 73 85 33 9 85 72 92 78 22 78 49 13 55 11 97 93 27 65 87 47
85 81 84 55 77 77 85 67 67 38 40 55 77 67 67 36 38 40 74 35 32 32 40 52 74 63 35 33 57 57
69 76 2 91 64 64 79 42 75 99 40 24 20 49 5 1 98 28 99 12 54 74 69 2 6 61 61 7 57 35
37 63 65 7 39 44 90 20 30 29 17 79 0 57 69 99 16 65 86 6 9 75 10 86 74 58 82 63 23 16
38 48 48 38 38 36 53 48 48 48 42 42 48 48 48 43 42 40 48 48 43 42 40 40 76 53 43 43 42 40
37 23 6 86 30 24 24 54 2 94 40 68 90 44 72 26 67 10 90 7 10 2 29 40 40 36 89 22 51 20
56 56 56 78 81 81 56 56 37 78 57 81 56 61 61 81 57 81 61 61 61 39 39 57 61 61 61 39 39 39
50 47 43 69 37 49 73 73 68 77 88 35 13 20 53 78 18 66 49 31 20 13 54 13 87 76 74 66 36 54
69 83 83 83 66 56 69 83 69 72 51 51 69 72 69 66 47 47 66 66 58 47 47 66 58 58 58 66 66 72
44 47 47 73 76 78 42 47 47 64 64 76 41 47 47 54 63 69 41 47 47 54 54 64 35 47 47 54 54 63
46 48 46 46 51 51 46 46 46 51 51 51 46 48 48 51 56 56 44 46 51 56 56 59 46 56 58 56 72 93
28 40 40 51 58 73 32 45 45 48 48 58 32 45 40 40 45 45 48 45 40 40 40 40 48 48 29 29 32 29
76 1 19 91 25 82 83 22 29 60 46 12 36 48 57 24 72 69 55 69 38 45 61 16 97 66 84 12 73 27
88 69 69 46 52 52 69 35 35 35 52 63 86 57 35 35 24 71 48 48 35 35 24 71 57 65 57 65 24 87
28 58 69 13 95 93 38 39 96 37 17 72 36 22 67 8 65 91 50 38 69 39 55 13 39 20 68 15 86 83
35 43 67 73 58 58 32 35 58 58 58 58 26 32 67 73 28 58 32 45 45 45 28 62 49 49 49 86 62 62
