7.22434e-07 4.52074e-07 0.985053 9.99301e-09 0.0149456
6.65019e-06 0.000122535 0.000119103 5.7485e-05 0.999694
1.21633e-05 0.0156847 0.00846343 0.0340003 0.941839
6.39845e-08 0.712543 1.37531e-07 0.287456 9.37972e-07
1.69925e-07 1.53033e-08 4.07704e-05 0.424304 0.575655
0.000475763 0.000238173 0.000611912 0.325471 0.673203
0.465267 0.00214871 0.175845 0.356581 0.000158469
0.000214246 0.865882 0.13387 2.41788e-05 9.14104e-06
0.000240895 3.77142e-06 0.99971 4.33766e-05 1.64132e-06
2.14354e-07 0.000457356 0.139338 0.856196 0.00400899
2.8526e-06 0.586548 0.039482 9.086e-07 0.373966
1.86109e-05 3.36554e-06 0.0581859 0.109601 0.832192
0.952858 0.00214707 4.91578e-08 6.1397e-05 0.0449336
4.24761e-05 4.52312e-06 1.38358e-06 0.00122912 0.998722
4.75551e-05 0.15042 0.760065 0.0894594 7.11518e-06
3.5507e-05 0.481066 2.87546e-05 0.00157493 0.517295
2.83341e-07 0.00081228 0.000522061 0.534964 0.463701
0.375087 0.0216752 0.561498 0.000361605 0.0413788
0.000479262 6.66302e-07 0.0418208 0.00274537 0.954954
1.44397e-06 0.115495 9.47786e-06 0.884483 1.11409e-05
0.0304107 8.18572e-08 0.0103597 0.958218 0.00101114
0.682976 0.316891 0.000132266 4.18522e-07 9.66629e-08
0.000129403 6.87271e-06 8.76427e-05 0.999758 1.8567e-05
1.78729e-06 0.138963 7.11352e-07 0.0687218 0.792313
0.998256 4.00981e-06 0.00173867 2.32635e-07 1.25408e-06
0.0139887 3.30387e-07 0.000201812 0.985809 1.11127e-07
5.606e-05 0.000322207 0.987245 0.000215893 0.0121612
0.9806 1.26309e-05 9.21778e-07 3.73579e-08 0.0193866
0.0433418 0.732298 0.000159364 0.0647833 0.159418
6.36462e-06 0.0125525 0.000471323 0.726072 0.260898
0.00660404 2.14744e-06 0.0861691 0.907217 7.45725e-06
4.28099e-09 0.0146528 2.94481e-05 0.985317 5.62693e-07
0.0678577 0.923115 7.54887e-05 0.00593498 0.0030173
0.494284 0.0298466 1.19158e-05 0.0325787 0.443279
0.000629196 0.380919 0.326516 5.44723e-05 0.291881
0.976149 2.37549e-05 5.14873e-06 0.0237316 9.02433e-05
0.468238 0.146516 2.56518e-07 0.385228 1.71057e-05
0.000158036 4.11783e-05 0.002446 0.0041707 0.993184
0.568851 0.420796 0.0103457 2.87995e-06 4.22101e-06
0.000388068 0.000237494 0.0385982 0.96008 0.000696586
0.00175321 0.000559958 0.997633 1.91071e-05 3.44921e-05
0.0039134 0.000344189 0.000169938 0.995382 0.000190684
0.000384584 0.160098 0.369144 0.46649 0.00388416
6.18484e-05 0.091082 0.487116 0.398131 0.0236091
0.0157219 0.284282 0.00623635 0.693434 0.000326381
0.104325 0.406236 2.6855e-05 0.48928 0.000131113
0.203121 0.0700964 0.624186 0.102552 4.48501e-05
3.81103e-08 0.999999 1.17304e-08 2.30586e-07 6.17016e-07
0.0598767 1.65963e-05 2.65152e-06 0.00239774 0.937706
0.0072211 0.989764 5.01522e-05 6.89045e-07 0.00296393
0.228534 2.80146e-06 0.0353803 0.735988 9.48126e-05
7.03531e-08 1.5389e-07 0.999991 1.38522e-08 9.01754e-06
1.37275e-07 0.527996 0.000121239 0.000340119 0.471542
0.000178025 0.00980707 5.39855e-06 0.000325246 0.989684
0.00384123 0.0126445 0.129425 0.00033522 0.853754
0.108841 2.03934e-06 7.72399e-05 0.891077 2.84734e-06
0.000222484 8.82699e-09 1.87048e-05 0.999759 6.80188e-08
0.0258345 4.45856e-05 0.000557611 0.0209623 0.952601
0.00161385 0.430103 0.00254163 0.56356 0.00218116
0.00775937 0.000103854 0.0185911 0.0011609 0.972385
0.130166 0.526362 0.17772 0.057843 0.107909
0.295783 0.44359 0.155564 0.00158203 0.10348
0.00244326 4.45954e-05 0.00825463 0.958802 0.0304554
0.000121292 0.999816 6.68668e-08 7.54622e-06 5.46015e-05
5.70235e-07 0.912765 0.0840186 0.00270862 0.000507159
0.999741 5.39532e-06 4.03902e-06 0.000248955 1.09935e-06
0.000806693 3.53055e-08 8.46233e-06 0.989351 0.00983345
0.00246758 0.985497 0.00286588 5.57709e-05 0.00911359
0.0957973 2.57233e-06 0.762052 0.111058 0.0310897
2.3486e-05 0.403829 0.00137468 8.8588e-05 0.594684
2.62838e-07 0.999973 1.66108e-07 3.5991e-06 2.26694e-05
0.629413 0.0150911 0.000358839 0.0360201 0.319117
0.934052 0.0234306 5.77618e-05 0.0409463 0.00151291
0.000110327 0.033047 1.65559e-06 0.965556 0.00128503
2.25807e-05 3.59483e-06 0.200141 7.38773e-05 0.799759
5.09244e-08 2.46595e-06 0.93957 0.0204488 0.0399789
0.000138352 0.999791 5.85981e-07 6.61104e-06 6.3308e-05
0.996334 0.00355357 2.35429e-06 1.73929e-06 0.000107931
0.0504801 0.246428 2.43092e-05 0.658477 0.0445905
2.96948e-08 7.94371e-09 0.295829 8.3637e-07 0.70417
0.00015111 9.02164e-07 0.808924 0.178075 0.0128486
0.00169353 1.8758e-05 2.73797e-05 0.603391 0.394869
7.07041e-07 4.98081e-06 2.32737e-05 0.198605 0.801366
0.651731 0.346333 0.000687902 0.000517473 0.000730995
4.92765e-07 0.981314 1.05338e-05 3.32373e-06 0.0186721
0.00500371 0.943748 0.0017593 0.00261324 0.0468761
0.000216576 3.53639e-08 0.00217229 0.0198935 0.977718
0.0660564 1.78696e-07 9.46266e-08 7.08439e-06 0.933936
6.19628e-05 0.834446 0.00575707 0.125626 0.0341086
7.78562e-07 2.90677e-05 4.14495e-05 0.997396 0.00253286
0.91313 0.0866943 3.16197e-08 0.000166084 9.37722e-06
0.00275473 0.649434 0.120108 0.00747147 0.220232
0.0281008 0.944116 7.80808e-05 0.000700087 0.0270047
0.054812 0.000302565 0.00229196 0.0945435 0.84805
2.14935e-09 0.352928 0.647069 2.04531e-06 7.91852e-07
0.82034 2.94381e-08 0.0105396 0.16912 5.18746e-08
0.0160802 0.010594 0.0119033 1.24442e-06 0.961421
0.000400355 0.998553 1.57562e-07 0.00103447 1.22376e-05
0.000595478 0.273025 0.72543 0.000949722 2.1061e-08
1.70096e-07 1.38787e-06 0.982721 5.83918e-08 0.0172775
