2.78983 1.24966 0.154578 -1.17173 3.41489 -1.20846 0.279599 1.3111 0.588598 -2.84804
-0.160002 -3.62832 7.56741 -6.28546 4.61607 -3.64305 3.62905 -0.509625 -7.52436 -1.16589
-3.45451 4.87201 3.48317 -0.805389 -5.74132 2.48955 -8.17748 -12.2515 -5.50549 0.877749
-2.06133 -2.25153 -1.02707 -0.248355 -2.82632 -2.26322 -0.173755 -3.47411 0.159612 5.06742
2.36881 -4.97104 0.9396 -1.92904 -1.3751 2.61136 -5.81061 -2.31614 1.92528 -3.71081
-0.0775506 -3.32067 0.106796 -1.15636 6.34295 -4.75506 4.32452 -0.335258 -4.58107 -3.81924
4.12909 -2.69588 -1.35755 -1.14658 0.756844 6.73565 -0.967564 0.696535 -1.49394 2.85497
-4.14273 1.16351 0.873803 -0.719223 3.69675 -0.337402 7.42917 0.659287 -2.3455 4.13838
-1.04027 -0.299979 1.95197 -0.0731972 1.06473 0.27246 1.78264 -0.890923 -1.20838 0.629324
1.66836 -0.140239 -0.773802 2.02699 0.351165 -5.0736 -1.04703 6.816 1.6621 8.3294
0.981517 3.40937 1.19264 1.15571 7.56654 -3.47669 -0.681964 -3.57098 2.73492 0.182889
-0.0654505 2.69535 1.25119 1.34668 -0.826129 -1.40132 3.43958 2.2644 -2.09578 3.18367
-2.72052 3.21021 -5.49606 -6.26655 4.13947 3.03191 -1.20998 -0.109604 -2.15994 -2.81829
-5.88827 -4.07797 -4.6398 -5.21289 -9.20677 -6.73161 2.99668 -4.36157 -1.11662 0.774184
0.453764 -0.658068 0.345069 -2.4807 -0.256094 0.274675 -0.701621 -1.37022 -0.646706 -1.25773
-1.62696 0.838165 -0.47656 0.686014 -2.95312 -3.03239 1.44233 2.12788 6.08959 0.206735
0.43824 3.91852 0.696638 -0.788532 -3.37932 -0.129032 1.90676 3.55807 -3.29419 -0.0795349
1.00371 2.47441 3.8428 7.23875 -1.45715 -3.44041 -2.22325 -0.29297 -5.39946 -4.68361
-2.03442 -5.55148 3.59721 5.00165 -0.327543 -0.862376 2.95363 -1.4166 -5.41036 0.963945
-2.12708 3.61938 -4.04617 1.00595 -4.3649 -12.4718 -4.84499 -0.0245719 1.50725 3.10009
-0.973285 5.98879 1.48195 -0.970185 1.1749 -2.25786 -2.00468 -6.82402 1.03066 -5.06498
-1.85317 2.69045 2.21279 -4.37225 -0.217139 -3.75013 0.746958 2.51495 2.30458 0.398093
3.38241 -1.02838 -2.98371 2.35917 1.11608 -2.48519 -2.89368 -1.64803 -1.09878 0.256303
-0.577403 0.194851 -0.647673 -0.950883 0.340367 -0.127212 -2.11767 1.40565 1.34692 1.12241
1.19706 0.539694 -1.05927 -3.03727 0.249838 2.81263 5.45709 2.38913 2.28138 -0.262957
0.656751 0.0787436 -0.122387 -1.63559 0.614293 1.18597 0.311982 1.87701 -2.13343 -3.00814
3.04164 -9.44762 -3.23916 1.82493 -3.38263 1.47005 3.92853 -0.385047 -2.7648 4.6387
9.0443 -2.13432 5.40139 2.64469 8.08378 -5.64111 6.83401 -5.49084 -8.74879 0.142826
-3.37231 0.651486 0.505817 1.81678 3.9235 -6.70825 0.675507 -6.66464 -4.04195 -4.53747
0.767939 2.79152 0.583474 3.47644 2.99397 0.0156108 0.378677 -4.70721 -1.71193 0.212798
5.92511 3.30585 1.74051 1.96138 3.64746 -2.21955 -0.770787 0.661154 2.38818 9.5817
-1.36443 -1.15098 -0.973417 -3.27831 0.127501 3.57614 3.24388 -3.11173 3.49686 3.92574
5.05553 3.16232 4.82009 3.66351 2.84691 -3.20857 0.304226 0.568188 -2.54757 -3.93998
4.40467 1.00957 -0.041418 -5.41893 -0.446896 4.09432 -0.225579 1.7998 1.04718 4.71116
-3.21373 1.39245 -3.33651 -1.2839 -4.7677 -0.929001 0.298885 -1.28865 -3.47419 3.531
-2.09777 9.6931 4.46932 -2.61306 -7.96938 9.23443 2.9625 1.96411 -7.62917 2.30231
-3.60539 1.22422 3.28712 2.12179 3.67086 -1.86316 -2.92179 4.10888 -5.84766 -5.49728
-5.73929 -6.62474 0.718445 -0.859878 -6.277 2.68832 2.54747 -3.67857 8.99436 -5.1308
-2.18335 -2.83305 4.52072 2.70396 5.86894 0.420193 -0.341373 3.7315 5.75039 -1.06992
7.48101 -2.95723 -9.56898 1.47049 -4.70905 -3.07033 -3.07365 3.4382 2.79066 -2.16387
-4.87461 0.448973 6.82229 -5.64575 -7.36098 1.19521 0.844412 5.60581 3.59877 -4.0822
3.05664 6.53382 2.70607 -3.42137 -3.24868 2.27617 -2.11436 2.5303 3.76466 -4.75581
1.93831 -1.60749 -0.363912 -8.07249 3.06475 -2.19095 6.33413 -5.1149 -0.312445 1.53246
-0.414315 -2.62786 -1.77594 0.917607 1.03191 -0.564642 -0.937707 1.89246 0.12851 -0.910887
-3.00474 2.31408 0.0901893 -0.442606 -4.75995 2.28708 -3.68388 -5.22412 2.68583 0.0707933
3.44562 3.4758 1.28817 -3.62947 -6.00889 -4.49262 -0.0468148 -2.33055 -1.51965 3.09329
-0.17414 0.0468513 -0.79639 -1.33534 -0.948717 -1.65588 1.07018 1.39329 -0.289179 0.647036
1.97363 7.99848 10.463 5.34667 4.12072 1.68098 5.52109 -0.912772 0.2219 -2.16887
-3.24821 -6.19134 4.56826 -0.494134 0.486557 -0.701573 2.22404 2.73248 0.284 -3.61216
0.689384 7.61347 -6.5584 7.90044 2.74036 2.57269 -2.01163 -4.28155 -1.23141 0.150139
4.15552 -1.43199 1.20403 5.49335 9.10501 1.55473 -3.11569 -2.78845 0.680235 -2.73559
-4.90395 -0.956886 -2.35653 -1.65278 -4.96631 7.45808 -0.802459 0.287384 -0.979123 1.90239
-2.64093 4.7274 -0.0300534 -1.23147 -2.97719 3.66409 -0.136949 -5.15913 5.45392 -2.17195
-0.536105 2.21547 0.592479 2.27702 2.60915 0.369985 -6.2497 4.59637 -3.54725 -0.215557
1.91085 -1.37572 0.339585 4.91549 -1.77187 0.0582235 5.04995 3.3413 -0.369303 0.292981
-0.0275275 -0.0358755 -2.38078 0.410391 -1.44846 -2.30151 -2.12151 0.866096 2.49179 -4.07722
-1.99649 0.775148 -1.95138 -4.25161 3.88427 2.98206 3.49546 1.55004 -1.73361 2.25714
0.309746 -3.90577 0.900259 -1.68734 5.25601 0.0285349 -0.92877 4.05915 3.49924 1.38591
5.04194 -0.263418 0.943085 3.43825 -2.45616 -1.08717 2.00907 -0.62584 -1.32195 1.44334
2.67611 -2.3737 0.880522 1.69355 -0.540342 0.324 1.17764 0.824358 0.33088 -1.33041
1.86789 -2.39881 -0.403868 1.15006 3.39327 -1.04347 8.24482 -1.48476 -1.64511 3.78158
-3.29436 -4.9091 -0.388539 -6.37665 1.71466 -4.3551 -3.24755 -3.00054 -0.0283037 5.96659
-1.14215 -4.61225 -0.173638 -3.41936 2.158 0.868167 -0.713045 2.02147 -0.541343 0.901013
-5.19771 -0.262621 0.656152 1.21259 4.50888 1.89472 -3.34852 0.687571 4.59237 4.87728
2.56319 -1.97488 -8.57968 -2.78509 4.06329 -4.71493 8.09291 -5.38387 -0.881929 -1.06134
-4.94183 2.85789 1.76693 6.29558 -0.941741 -0.881619 2.53105 -6.35838 -0.756949 -2.05372
-5.03208 4.80923 3.9325 -0.432307 1.5945 7.56055 3.324 2.71933 4.40777 0.0476999
5.89577 -1.23824 -3.99698 0.253809 9.62021 -3.96939 0.246314 4.32038 3.58905 -7.10932
1.88655 -0.025497 -1.93071 -1.46747 4.14805 1.45295 0.10786 -0.0718975 -1.26184 -2.56468
-2.2301 -1.18213 1.96902 -3.86441 1.15225 -2.35258 1.15113 -2.55888 -2.70181 -2.14556
-5.27181 -0.661795 -3.0491 -1.70245 -1.79484 0.535053 1.35767 1.00381 2.91752 1.80027
-2.79125 -1.96043 4.53189 -4.99931 -4.44705 -4.55114 -5.78666 -6.14475 1.60079 5.1745
2.01673 1.94999 3.30739 -2.23676 -0.655163 1.16041 0.196844 4.3041 -2.85413 -2.78163
4.02575 -2.32478 1.36133 4.55817 -1.82267 -3.14704 2.94176 2.94825 0.708862 0.617411
-0.565528 1.03164 0.791875 0.526065 1.09034 -0.468788 2.16547 0.490958 1.53962 -0.85606
-2.83314 -1.70388 4.64068 0.0839264 1.39364 1.09804 1.29613 -0.432877 2.10012 -0.65898
2.54772 0.496486 -2.18603 -1.8377 -0.794938 -1.09211 3.00893 -0.84838 1.30209 -1.18549
2.14723 -0.533046 -1.65664 3.21635 0.862287 -1.53071 2.98309 -4.10078 -0.104163 0.649833
1.30639 -2.9629 -0.411974 6.37584 -0.203788 6.29067 7.98393 5.14913 -2.10176 6.07889
-2.68622 -1.84042 -5.63864 -0.560141 2.55693 -0.707074 1.77561 1.49028 0.779176 -0.386932
-1.05877 -0.0673968 2.6177 2.15456 -6.04834 0.840938 -4.35646 2.63975 -4.65168 5.20765
-0.623354 -5.12962 -0.812656 0.0146921 0.553758 6.75333 -1.22508 -5.97991 -2.03848 -1.91778
7.54857 -4.96678 0.808978 5.13695 2.64692 -3.33032 0.253189 -4.16791 6.79472 -3.64512
-0.579478 -2.08109 -1.30104 -0.543216 1.2746 -1.44433 2.95572 -1.53087 1.02123 0.0244324
6.86738 -2.80544 -7.32409 7.3161 -0.28086 4.23219 -0.0820823 -1.69621 8.81848 -3.45836
6.52048 -0.216908 -4.54806 0.522212 3.26609 2.63205 2.48477 -0.624603 1.23517 2.63308
3.81011 -3.51718 -2.75428 -1.65426 6.58495 3.3239 2.79073 -2.18905 4.25822 -5.87419
-4.089 6.46078 -1.33183 8.23147 7.98142 3.37119 -2.57291 -5.94945 -6.39309 1.59635
-2.78704 1.14506 2.53617 0.92468 -0.0966143 -2.92808 -2.40502 0.484391 -2.35458 2.76973
0.366742 1.25231 -5.65378 0.300919 -2.00402 -9.06038 -1.33208 -1.17811 6.26986 7.58081
-3.95439 3.33147 7.9244 4.35704 -2.90358 0.783448 -2.33908 11.5187 5.125 -5.55761
-2.36776 3.89411 -0.701728 4.23832 -5.70513 -9.48623 5.00188 -0.649795 -5.10436 -12.4216
-2.21221 -2.70978 2.40816 0.300042 2.33769 -2.32693 2.47041 -2.3386 1.91912 0.679451
0.95457 -1.34139 0.611006 1.12238 -1.20656 -0.942812 1.34425 -0.154477 1.18905 -1.50584
-1.56631 -2.75071 -5.30088 6.18853 1.82886 9.84338 7.86462 0.245889 -3.90349 -2.22698
0.632485 8.60896 8.10065 4.23689 5.18464 4.11164 3.6352 4.52758 2.88848 -3.69093
-1.01085 -1.32859 1.71013 -2.85552 -0.371981 3.11888 0.239379 0.531726 0.623953 -0.306013
5.26911 -0.415512 -1.86715 2.38439 2.07633 1.93347 -8.75448 2.92204 2.80244 6.30905
8.47917 0.339163 7.29891 -3.11587 4.00556 2.59892 0.0898239 3.33852 -3.09024 -1.71759
-4.41179 2.28584 -1.99509 -1.72427 -5.15944 -2.08823 4.09759 2.89288 4.44995 0.229695
