-52 82 14 94 -81 -61 -86 5 15 -93 -85 26 9 -18 39 -49
-43 72 -30 99 28 -94 22 -82 -21 -75 -100 72 -29 -92 -4 42
16 -83 -95 21 14 -67 39 -88 61 41 -46 17 60 78 -51 -3
94 -67 -49 87 -41 78 -49 -18 29 38 -25 -29 -2 75 -5 -30
97 -43 68 -80 77 29 -43 57 -22 -13 95 -39 90 -30 -98 -25
16 92 -8 85 -52 45 -18 -74 46 71 -77 -76 20 -78 -51 40
-54 12 -100 -14 -52 -95 -95 65 -61 -43 -48 4 -89 52 -41 50
-27 -53 -42 12 12 14 55 71 -14 -76 -91 -58 -45 9 -26 3
69 -28 77 -99 48 83 -81 2 -15 -24 -36 95 79 -95 28 -95
-73 -87 -21 -2 83 -80 -82 -87 71 96 8 41 21 -47 -23 -75
81 6 -46 -37 -52 61 -3 -41 -1 -72 -32 94 -1 67 16 71
-85 -47 -16 23 63 5 92 67 -78 30 -93 90 15 -64 -76 0
3 95 64 42 22 76 -8 30 -54 92 31 72 -11 77 12 14
-72 26 29 72 -88 -88 -69 60 76 -7 -14 -45 23 -86 -5 36
-14 86 28 -7 -14 -41 -26 10 94 41 -23 83 -23 23 92 -14
31 -41 65 53 -40 -14 19 84 -76 -63 -15 -91 -13 -75 -100 42
67 -78 2 50 -1 28 83 85 -31 -29 66 -88 65 18 54 76
14 87 97 -7 -76 36 -89 -44 34 -97 -30 5 -37 83 -63 35
25 -98 -86 7 -9 -35 -78 -34 4 86 -86 -21 84 51 -43 82
-54 2 -16 -99 -50 -12 -82 54 -32 -37 -31 22 -72 -92 -5 62
-34 -100 -88 -23 55 -54 -50 100 -5 13 9 -7 18 -44 66 63
-26 -51 -88 -15 -46 78 40 -39 49 67 90 54 50 -67 -27 94
-7 -97 -48 -34 73 -51 -91 -83 -22 7 -40 5 98 60 -67 55
88 72 11 -67 -86 48 63 -31 89 -96 29 -63 -59 49 29 -82
17 -74 10 -91 71 99 -75 77 5 91 66 -95 90 -67 -60 -56
-58 -18 27 -56 -44 50 79 -61 10 -95 57 -34 -94 -69 63 10
84 61 91 -51 51 -51 83 -36 -49 -6 99 88 -12 83 -33 -6
-67 28 32 64 -65 -54 -1 -43 -76 44 -43 81 1 27 50 -89
11 8 25 -100 14 -11 -84 74 -75 88 23 56 77 57 -2 60
19 39 -44 -19 -87 -53 23 89 90 53 14 21 41 86 56 4
0 31 -45 78 -15 23 69 38 -72 -15 -38 66 -35 -60 97 51
24 75 10 12 20 43 -12 18 -34 -80 -86 64 -92 -26 -11 -96
-92 -12 70 82 29 62 39 48 21 11 -100 79 49 -44 40 34
-73 46 57 18 70 49 12 60 -44 -65 -35 -55 39 -75 46 59
-51 -16 -13 -88 3 76 -13 -25 -6 27 -49 -97 -88 60 6 -57
38 56 39 -87 0 63 60 -98 -6 -61 -18 34 79 -71 -70 96
13 77 -39 77 59 14 -35 22 -20 -79 63 55 -62 22 99 35
-19 31 -19 47 43 24 -63 -42 95 -53 -59 48 87 -45 -97 -6
-3 -26 -29 -45 5 5 -35 87 37 0 -82 83 45 -20 -66 18
-8 -81 84 5 -3 16 -51 -68 -89 4 -30 60 45 -100 53 92
-46 -96 30 -95 -13 -100 -1 1 55 -45 52 10 99 41 40 -68
66 -100 -54 -35 28 29 45 94 3 42 -42 82 -99 -62 -13 39
-21 -5 10 8 -50 -55 -65 -25 -57 -90 -67 -80 -43 76 10 89
-69 -92 20 60 -60 97 29 82 -45 -40 -32 14 56 -12 89 -3
-46 16 -31 76 -53 -67 -95 39 53 27 -74 -56 57 -42 34 -17
71 84 96 -49 96 57 -21 32 10 14 -97 15 83 -26 -68 -89
-48 46 100 -1 -81 -38 3 79 27 -51 -98 -12 98 -69 15 80
-64 -25 47 -42 -80 89 -78 -75 -66 -24 -17 -31 100 92 -54 -9
64 70 58 13 8 -44 12 57 95 92 84 -62 72 -21 55 87
-81 -50 -1 -81 -75 12 35 11 -73 -13 -19 -29 -52 78 -32 -95
46 -75 53 44 33 2 59 17 -17 98 50 -30 -35 -65 58 -22
75 -76 -15 52 85 68 12 92 -77 0 -89 62 74 -40 -73 80
72 67 -96 -64 -91 -27 28 -90 -12 -79 -26 -20 -37 16 1 45
52 76 -62 -15 82 -5 -7 69 -65 58 78 48 57 55 -56 -69
-21 -22 78 -64 -62 27 -81 36 -36 -8 -15 77 8 -36 -62 -73
24 94 -13 -60 -34 13 -92 48 -73 62 -3 37 -51 -23 15 3
-61 -61 4 77 38 -90 69 -80 -84 61 4 -33 61 -71 -87 -63
-95 -16 50 -8 -24 47 -59 63 74 -3 -8 5 -25 -98 76 -73
-97 -83 33 -58 -68 -44 65 -50 40 85 34 -82 -29 81 41 -93
-84 -8 73 2 -52 -70 -3 -43 56 81 -47 20 -59 -93 -58 72
-85 86 -82 75 -37 -84 -87 35 2 -8 95 -10 -94 84 -83 74
52 -74 96 18 -76 97 55 -56 -68 54 96 -1 -85 91 9 23
-8 -10 38 78 83 84 60 72 -54 47 100 -56 78 22 58 -63
-71 79 40 41 66 -63 -34 46 -62 -55 -62 -78 -57 -42 20 45
28 -21 26 -50 -47 82 83 -63 -36 -60 81 90 24 28 9 5
-46 52 -58 57 -53 11 -78 -56 92 -65 -86 -11 -30 -47 100 -80
9 54 31 -84 9 -21 -13 1 -79 30 -98 -7 -24 48 -40 84
74 99 -73 -33 14 -37 92 -53 -47 17 -68 77 -48 45 -8 -47
48 96 4 41 -99 -64 -5 -98 -86 -35 -66 -79 94 19 -22 -27
0 -61 27 -20 -97 35 -78 -72 34 50 -32 95 -41 49 -69 67
24 86 -42 23 64 -55 94 -56 65 -77 -78 14 -99 94 -94 -98
47 48 70 58 -64 85 -66 90 -95 36 59 20 95 -6 89 -60
-6 66 -46 86 61 93 42 -76 18 -77 -73 49 -56 87 70 -47
-71 -47 -82 18 98 6 -88 -33 55 34 -6 82 60 22 55 -99
57 -19 -60 36 42 5 21 -66 -96 85 83 2 -78 -55 73 -36
-83 38 -2 -45 -40 55 -32 50 24 96 -46 -89 22 34 -56 73
97 -63 10 30 -63 21 -16 89 -16 -29 -63 -74 -9 -98 27 14
-69 13 -49 -58 32 61 2 38 35 99 8 -19 -56 -16 54 35
94 -65 71 63 2 14 -80 42 -7 18 21 99 -92 12 67 -91
-4 52 34 -8 70 9 40 -77 -35 -63 65 95 2 38 34 -54
85 62 -91 -63 56 94 61 -19 -70 65 -67 79 -76 -81 -75 13
63 44 -56 -48 79 -64 -28 -74 -93 52 17 66 -52 -78 -88 -31
-52 82 -39 -53 28 -50 -28 -25 48 34 -87 -66 -39 -11 -71 49
-12 8 37 -4 13 -94 -80 39 -6 -68 84 99 -47 -43 -60 22
-52 48 81 98 88 -80 -62 39 53 -28 -47 -21 -29 -2 27 -13
-87 82 27 -67 -12 -87 -23 74 -20 -94 -11 -77 -6 -6 -63 -84
81 43 -11 -47 70 -84 65 70 17 5 21 25 -72 34 16 -91
21 -92 84 -2 9 -15 -48 -70 -40 96 -79 4 99 -71 33 -96
-53 -33 -37 -8 -14 -88 66 -63 7 87 47 -7 74 52 16 -93
-3 -1 -59 39 -61 82 -36 -5 -87 -68 46 -89 85 42 22 97
-8 31 28 -36 -50 16 32 -86 -61 72 91 -29 -35 -80 57 29
95 7 29 -90 -59 54 -89 -66 30 -19 -82 58 23 13 20 -9
9 19 74 10 -44 -34 -8 -50 72 72 -73 36 -81 -67 1 -10
-45 19 -4 86 33 -92 -15 70 43 8 95 -65 -68 93 30 40
-58 91 31 58 -7 -38 61 43 -48 97 -25 75 -27 -85 26 -54
95 -40 -18 -15 -43 -94 -75 36 57 39 -49 -86 92 36 -80 -31
38 2 -91 -57 85 21 83 28 15 -14 -6 -98 6 -51 -46 -26
62 28 51 -90 78 -43 -2 -55 -100 -57 77 -49 -2 -58 70 -13
90 60 -65 -52 35 -35 43 -47 45 67 88 35 61 -94 -1 79
61 48 -57 -18 81 -7 -90 -97 100 -54 37 -77 -57 -82 77 36
