0 0 -13.9445
-24.2425 -25.3334 4.49276
5.92533 -5.57004 -11.1248
-1.24802 -1.63644 -72.9163
0 0 -22.1827
-7.48785 -21.0676 5.37497
-2.14123 -1.4074 6.79117
5.52775 3.36615 -18.3275
0.0928921 0.906911 -4.71343
5.05004 5.86438 4.01046
0.00574729 -0.00495007 0
-1.27504 -3.72373 31.2673
0.00856476 0.0195958 17.9879
-2.9073 -2.54806 0
-2.18215 3.25545 0
0 0 -1.91182
-0.385909 5.14124 -1.45533
-2.43759 -0.767226 0
-0.0781374 -0.276927 1.78899
0.0336993 -0.977671 0
-9.49959 3.12063 -14.8754
0 0 4.34529
0.422023 -0.722408 0
6.9304 -5.52776 0
0.60741 0.216318 3.84707
-0.496239 0.277483 -2.40267
-0.482214 -0.547563 23.4727
-17.6792 -21.1983 106.94
0.1092 -1.68484 -7.6963
-10.9337 5.64435 -4.45284
-8.72396 0.465001 1.05329
-4.94066e-324 -4.94066e-324 20.4326
-0.996849 0.103253 -9.71229
-0.156562 0.352641 -116.453
-12.7261 14.2103 -53.5257
4.16548 -7.47416 13.1325
-8.58083 -5.87162 -9.40674
-59.7559 44.3209 1.77636e-15
-8.82104 6.06292 0
-5.65571 30.3443 9.43996
-18.1605 18.5955 -25.7375
9.01743 -4.16324 0
0.360048 -1.92065 -4.09204
0.0694155 0.222096 0.3055
1.07084 -1.07197 -2.9813
1.65485 1.43808 -3.43093
-22.9021 16.0679 -22.5006
9.88131e-324 -9.88131e-324 -1.54939
8.16345 9.11987 -4.86395
-0.521193 -0.112923 0.548031
2.19783 -5.34895 68.2666
-14.2788 29.1283 4.97461
-1.4934 -0.594108 0
-20.892 36.0258 7.83565
1.39537 -0.0671561 -15.6271
0.719412 0.306755 -24.3068
-4.26145 1.5387 -16.4111
0 0 4.59159
44.6676 25.4518 5.62026
-3.72377 7.57291 -0.752087
-0.146194 0.22594 0
-6.14338 1.91318 -1.06729
-9.88131e-324 -9.88131e-324 -4.41361
-8.53734 0.381864 5.92759
-16.3591 41.1063 -4.9763
0.755698 0.864961 3.74082
-0.233324 1.29569 9.00339
0.517892 -0.587346 -41.0462
17.0164 2.96897 10.9793
-0.971342 -0.585438 13.3472
20.9946 21.5614 0
-0.991123 5.92813 0.70542
4.94066e-324 -4.94066e-324 -36.8438
7.37636e-114 -1.44164e-114 4.88452
-0.400974 0.322719 18.5427
-0.951835 0.363666 -7.17323
-0.725136 1.56086 -14.6337
-0.188882 0.125073 -18.077
2.22176 3.19428 70.9182
-4.94066e-324 -4.94066e-324 -2.61579
0.0311641 0.0933672 33.6502
-0.0803148 -0.044851 -8.88178e-16
0.335635 4.98978 0
28.9552 -50.4387 5.09148
2.91183 -2.25217 -4.44089e-15
0.207947 0.233721 -0.0799343
4.66804 7.57645 -64.6413
1.89418 -1.71981 21.0783
-31.881 31.3006 5.97694
-0.567307 -0.149079 -28.2453
10.7413 -4.95057 8.72136
-0.0506297 1.93994 -10.7845
-0.0265647 -0.505817 -6.42948
0.251651 -0.308064 1.79421
-0.114632 1.11973 5.77201
0.0285194 0.666739 -2.38286
18.336 -6.84961 0
-1.90139 1.30159 -4.21371
-1.97376 -0.0125739 0.574856
0 0 10.6121
